1000 6000
0 3 92
0 4 26
0 5 46
0 6 100
0 425 17
0 467 75
0 500 57
0 995 78
0 998 73
0 999 37
1 2 9
1 3 97
1 5 10
1 6 33
1 7 59
1 145 89
1 810 45
1 995 5
1 997 31
1 999 28
2 4 50
2 6 20
2 7 69
2 153 75
2 436 2
2 906 62
2 996 56
2 997 67
2 998 28
2 999 14
3 5 63
3 6 81
3 7 19
3 8 29
3 382 90
3 726 14
3 997 42
3 999 24
4 5 97
4 6 32
4 8 41
4 9 32
4 10 36
4 402 33
4 604 83
4 912 83
4 998 51
4 999 45
5 6 53
5 7 58
5 8 2
5 9 69
5 10 34
5 11 74
5 416 95
5 999 20
6 10 27
6 11 84
6 12 34
6 141 83
6 253 13
6 547 37
6 671 26
7 8 53
7 9 13
7 11 25
7 66 46
7 190 97
7 316 3
7 351 74
7 741 59
7 825 6
8 10 78
8 12 59
8 13 12
8 14 82
8 26 51
8 282 71
8 288 81
8 481 54
8 653 28
8 942 60
9 10 17
9 11 98
9 13 19
9 14 19
9 15 78
9 370 82
10 11 66
10 13 53
10 14 14
10 15 72
10 16 77
10 60 87
10 629 75
10 721 43
11 12 42
11 14 10
11 15 98
11 16 63
11 17 49
11 376 43
12 13 49
12 14 93
12 16 37
12 18 21
12 237 18
12 538 30
12 823 25
12 929 82
13 16 39
13 17 7
13 18 62
13 115 51
13 352 48
13 658 59
13 673 40
14 15 6
14 17 82
14 18 69
14 20 15
14 745 2
14 829 17
15 16 95
15 18 68
15 19 46
15 21 68
15 109 40
15 512 64
15 636 1
15 679 75
16 17 45
16 18 100
16 19 26
16 21 81
16 52 18
16 333 25
16 544 50
16 941 87
17 18 75
17 19 58
17 21 86
17 22 16
17 23 59
17 82 76
17 107 31
18 19 83
18 20 12
18 21 38
18 22 71
18 23 63
18 48 92
18 209 29
18 238 62
18 504 13
19 21 97
19 23 77
19 24 1
19 25 59
19 221 72
19 946 92
20 21 49
20 22 23
20 23 99
20 26 51
20 410 59
20 591 29
20 624 46
21 22 43
21 25 39
21 26 61
21 27 74
21 160 78
21 237 94
21 595 96
21 602 5
22 25 14
22 26 33
22 27 26
22 348 5
22 734 96
22 930 22
23 25 49
23 26 69
23 28 85
23 53 21
23 275 92
23 408 39
23 728 33
23 769 20
23 770 38
23 788 67
23 999 33
24 25 63
24 26 35
24 27 32
24 28 38
24 310 95
24 813 3
25 28 12
25 29 15
25 31 43
25 309 70
25 519 35
25 858 48
25 935 31
26 27 4
26 28 42
26 31 7
26 32 12
26 609 98
26 669 38
26 677 3
27 30 16
27 33 64
27 314 18
27 343 18
27 448 100
27 485 52
27 714 44
27 738 39
27 977 83
28 29 55
28 31 88
28 32 13
28 33 13
28 34 23
28 99 38
28 113 75
28 571 92
28 580 9
29 30 19
29 31 52
29 32 78
29 33 24
29 34 53
29 35 12
29 396 31
29 896 90
30 31 2
30 33 16
30 34 88
30 36 29
30 179 30
30 191 22
31 32 88
31 33 64
31 34 28
31 35 89
31 37 78
31 272 15
32 33 47
32 34 76
32 35 83
32 37 32
32 38 40
32 494 20
32 613 70
32 827 48
32 875 63
33 34 7
33 35 61
33 37 53
33 38 6
33 39 62
33 240 21
33 881 81
34 35 42
34 37 51
34 38 40
34 39 39
34 413 25
34 478 52
34 557 6
34 712 41
35 37 90
35 38 26
35 39 83
35 40 5
35 41 54
35 510 81
35 581 31
36 38 12
36 40 7
36 41 59
36 42 88
36 255 52
36 510 28
36 524 31
36 585 23
37 38 48
37 39 8
37 40 97
37 41 15
37 42 6
37 118 50
37 154 7
37 326 11
37 957 16
38 39 36
38 40 89
38 41 86
38 42 35
38 44 14
38 497 24
38 513 77
38 574 64
38 692 78
39 40 27
39 43 23
39 44 8
39 45 30
39 512 67
39 549 28
40 42 26
40 43 1
40 44 49
40 45 76
40 46 31
40 139 58
40 399 14
40 483 97
41 42 17
41 43 93
41 44 6
41 45 52
41 195 8
41 416 31
42 43 4
42 44 48
42 45 53
42 46 56
42 47 85
42 48 36
42 170 95
42 360 47
42 418 91
43 44 37
43 45 48
43 46 6
43 47 8
43 263 79
43 355 59
43 421 82
43 677 47
44 45 100
44 46 23
44 50 93
44 756 14
44 808 9
44 945 53
45 46 42
45 47 92
45 48 77
45 50 25
45 51 58
45 144 9
46 49 47
46 50 59
46 51 33
46 52 64
46 161 28
46 450 32
46 506 42
46 684 80
46 834 38
47 48 1
47 49 38
47 50 10
47 51 51
47 52 55
47 53 41
47 607 98
48 50 28
48 52 80
48 54 47
48 474 40
48 649 39
49 50 82
49 51 99
49 55 93
49 202 22
49 314 98
49 477 94
49 625 14
50 51 7
50 52 30
50 53 94
50 54 52
50 55 17
50 56 95
50 875 39
51 54 89
51 55 76
51 57 72
51 177 22
51 297 81
51 668 84
52 53 67
52 55 100
52 134 57
52 400 10
52 480 67
52 527 69
52 543 60
52 657 96
52 709 85
52 730 29
52 802 95
52 889 33
53 55 67
53 56 59
53 57 67
53 58 64
53 59 14
53 376 32
53 730 87
54 55 61
54 56 67
54 57 50
54 58 23
54 60 61
54 142 84
55 56 74
55 57 67
55 60 7
55 61 47
55 187 75
55 413 9
56 57 47
56 59 71
56 60 21
56 61 67
56 259 70
56 285 79
56 430 28
56 588 39
56 668 85
56 833 60
57 58 68
57 61 79
57 63 31
57 576 22
57 624 92
57 694 91
57 712 94
58 59 45
58 60 10
58 61 8
58 62 41
58 64 24
58 66 23
58 334 48
58 593 51
58 642 26
59 60 63
59 62 83
59 63 70
59 65 41
59 87 2
59 464 56
59 614 6
60 63 27
60 65 88
60 66 64
60 100 80
60 170 67
60 227 79
60 698 46
61 64 10
61 66 87
61 86 7
61 109 21
61 429 44
61 577 7
61 627 43
61 660 62
61 988 84
62 64 39
62 65 18
62 261 96
62 596 10
62 790 100
62 928 98
62 962 96
63 64 43
63 65 53
63 69 68
63 116 41
63 174 4
63 260 56
63 265 56
63 326 53
64 65 57
64 67 46
64 68 63
64 69 98
64 70 51
64 547 90
65 66 66
65 67 6
65 69 28
65 70 48
65 71 28
65 201 4
65 851 77
66 67 66
66 68 76
66 69 47
66 71 82
66 318 4
66 561 16
66 761 64
67 69 61
67 70 17
67 73 82
67 102 78
67 113 34
67 303 29
67 424 85
67 477 4
67 699 45
68 69 77
68 70 75
68 71 9
68 72 36
68 73 3
68 74 36
68 985 42
69 70 87
69 72 94
69 73 21
69 74 15
69 111 45
69 350 58
70 71 13
70 72 5
70 73 97
70 74 92
70 337 7
70 357 27
70 652 17
70 859 84
71 72 34
71 73 12
71 74 77
71 75 6
71 76 66
71 77 7
71 124 99
71 231 19
71 523 20
72 73 92
72 74 25
72 75 68
72 76 51
72 77 35
72 78 96
72 627 76
73 74 76
73 75 95
73 78 88
73 79 66
73 185 63
73 296 40
73 547 9
73 559 61
73 790 83
74 75 87
74 78 96
74 79 23
74 80 36
74 345 49
74 370 60
74 440 20
74 572 39
74 577 67
74 734 74
74 817 51
74 972 61
75 78 42
75 79 94
75 80 49
75 90 7
75 175 19
75 259 69
75 468 13
75 607 66
75 811 20
75 911 28
75 938 72
76 78 15
76 80 43
76 81 51
76 82 50
76 142 29
76 234 62
76 741 78
76 900 37
77 80 26
77 81 7
77 82 66
77 83 84
77 870 54
77 934 6
78 79 27
78 80 54
78 81 66
78 82 46
78 330 28
78 534 81
78 905 32
78 993 81
79 80 84
79 81 48
79 83 24
79 85 82
79 413 64
79 425 45
79 548 50
79 580 27
80 81 41
80 82 63
80 83 92
80 84 30
80 85 99
80 86 99
80 325 79
80 669 28
81 82 26
81 83 61
81 85 70
81 86 81
81 87 24
81 443 48
81 765 3
82 84 66
82 85 83
82 87 24
82 88 56
82 510 88
82 688 8
82 875 10
83 84 31
83 85 92
83 86 12
83 87 45
83 88 45
83 89 76
83 320 90
84 85 6
84 86 57
84 88 25
84 89 18
84 90 57
84 470 49
84 720 61
84 990 81
85 86 51
85 87 89
85 88 67
85 89 68
85 91 79
85 121 74
85 338 44
85 340 49
85 759 33
86 88 77
86 89 64
86 91 99
86 92 36
86 264 17
86 421 58
86 775 81
86 888 67
87 89 62
87 90 92
87 91 34
87 93 30
87 466 86
87 541 51
87 549 92
88 89 94
88 90 89
88 91 89
88 92 87
88 213 58
88 215 60
88 404 28
89 90 11
89 91 27
89 93 91
89 95 42
89 318 65
89 392 67
89 428 75
89 731 93
89 792 49
89 996 13
90 92 93
90 93 17
90 94 59
90 96 28
90 847 60
90 914 43
91 93 40
91 96 64
91 97 49
91 171 97
91 221 51
91 363 97
92 93 97
92 94 79
92 97 9
92 577 87
92 704 38
92 750 4
92 913 24
93 94 2
93 97 42
93 98 46
93 99 31
93 225 95
93 415 1
93 422 94
93 539 55
94 95 95
94 97 5
94 98 43
94 99 25
94 100 70
94 578 82
94 864 44
95 96 28
95 97 2
95 100 3
95 101 24
95 262 39
95 985 62
96 98 35
96 99 2
96 100 6
96 101 1
96 323 33
96 540 57
96 549 37
96 711 11
97 98 18
97 99 94
97 100 78
97 101 93
97 102 11
97 103 91
98 99 9
98 100 76
98 101 90
98 103 70
98 104 92
98 305 40
98 600 36
99 101 7
99 102 40
99 104 74
99 105 70
99 838 74
99 943 45
100 101 28
100 105 96
100 179 37
100 342 96
100 678 3
100 681 17
100 954 8
101 102 23
101 103 65
101 105 49
101 106 9
101 107 73
101 709 9
101 916 91
101 949 58
101 981 48
102 105 32
102 106 87
102 107 97
102 343 7
102 783 68
102 853 15
103 104 91
103 105 68
103 106 6
103 107 12
103 109 84
103 257 54
103 685 40
103 716 27
103 885 43
104 106 30
104 107 41
104 108 28
104 109 41
104 110 87
104 438 44
104 955 48
105 106 54
105 107 71
105 110 11
105 584 6
105 750 10
105 913 72
105 964 72
106 107 43
106 108 33
106 109 43
106 110 21
106 111 26
106 112 82
106 227 19
106 521 89
107 108 52
107 109 53
107 110 58
107 112 66
107 113 76
107 626 31
107 629 52
108 109 3
108 110 51
108 111 89
108 112 48
108 113 73
108 114 91
108 526 20
109 112 18
109 113 94
109 230 61
109 256 57
109 936 93
109 982 94
110 111 100
110 112 33
110 116 50
110 122 74
110 213 44
110 637 34
110 662 45
110 690 57
110 896 87
111 112 26
111 113 65
111 114 1
111 115 33
111 116 23
111 162 46
111 233 54
112 114 10
112 115 96
112 116 48
112 118 9
112 124 20
112 303 35
113 115 37
113 116 24
113 117 45
113 118 83
113 119 91
113 349 76
113 842 47
114 115 40
114 116 49
114 117 66
114 118 63
114 120 69
114 134 20
114 643 70
115 116 83
115 118 14
115 120 88
115 122 41
115 376 67
115 402 34
115 405 91
115 489 22
115 653 37
115 850 78
116 118 96
116 120 7
116 121 64
116 122 50
116 259 21
116 831 57
117 118 34
117 119 67
117 121 56
117 122 58
117 123 22
117 504 62
117 805 2
118 120 61
118 124 17
118 444 64
118 461 39
118 508 79
118 589 98
118 824 35
118 939 89
119 122 100
119 123 71
119 125 100
119 269 16
119 493 67
119 700 66
119 942 33
120 121 75
120 122 79
120 123 38
120 124 1
120 212 49
120 330 94
120 524 59
121 122 58
121 123 72
121 125 59
121 126 83
121 127 18
121 551 66
121 760 7
122 124 21
122 127 13
122 128 5
122 524 3
122 815 98
123 125 37
123 126 44
123 127 17
123 128 79
123 129 7
123 370 25
123 371 16
123 977 74
124 125 61
124 126 79
124 129 37
124 184 20
124 363 9
124 956 89
125 128 83
125 129 22
125 130 17
125 131 24
125 333 13
125 452 87
125 789 71
125 935 67
125 974 43
126 127 69
126 129 59
126 132 77
126 271 63
126 309 47
126 566 82
126 580 54
126 629 5
126 686 39
127 128 98
127 129 23
127 130 96
127 394 12
127 421 16
127 679 88
127 826 22
127 841 38
128 130 5
128 131 79
128 132 41
128 133 65
128 134 67
128 166 95
128 172 32
128 516 66
128 528 57
128 666 85
129 132 66
129 134 7
129 135 66
129 309 1
129 662 85
129 686 90
129 852 3
130 131 12
130 132 58
130 133 8
130 134 8
130 135 28
130 136 87
130 295 44
131 132 36
131 135 13
131 136 32
131 137 78
131 268 50
131 602 7
132 134 2
132 135 36
132 137 47
132 138 60
132 556 77
132 630 12
132 863 9
133 134 91
133 135 65
133 137 98
133 139 26
133 345 8
133 491 84
133 530 16
133 870 78
134 136 95
134 138 81
134 140 56
134 248 69
134 330 35
134 386 84
134 468 12
134 722 17
134 808 4
135 137 49
135 138 1
135 139 42
135 140 61
135 141 74
135 238 24
135 760 90
136 137 33
136 138 24
136 140 88
136 141 79
136 191 40
136 392 4
136 554 38
136 633 91
137 138 64
137 140 78
137 143 2
137 646 4
137 647 14
137 729 31
137 807 15
137 830 100
137 933 99
137 978 4
138 139 99
138 141 18
138 142 91
138 143 69
138 315 75
138 799 93
138 920 49
139 142 7
139 143 85
139 144 49
139 145 27
139 266 68
139 336 36
139 762 8
139 764 78
139 819 72
140 141 6
140 142 31
140 143 21
140 146 46
140 229 59
140 699 60
140 925 99
141 142 43
141 143 9
141 144 78
141 145 67
141 361 34
141 675 6
141 895 79
142 143 91
142 144 12
142 145 41
142 147 18
142 148 3
142 394 70
142 946 44
143 145 49
143 146 27
143 147 61
143 149 58
143 418 64
143 615 47
143 663 91
143 946 69
144 145 27
144 146 87
144 148 11
144 149 50
144 150 40
144 254 14
144 464 63
144 599 59
145 146 21
145 147 38
145 148 16
145 150 76
145 151 73
145 506 77
145 516 91
145 559 30
145 754 56
145 923 11
146 147 78
146 148 85
146 149 76
146 150 36
146 151 77
146 393 41
147 149 49
147 150 30
147 151 91
147 152 34
147 337 68
147 714 38
148 149 24
148 150 46
148 152 4
148 153 95
148 154 87
148 659 35
148 664 53
149 150 76
149 152 42
149 154 26
149 155 2
149 373 56
149 605 5
149 823 79
149 876 92
149 964 34
150 152 61
150 153 26
150 154 27
150 249 26
150 289 91
150 611 90
151 154 8
151 155 36
151 157 48
151 565 20
151 585 84
151 609 15
152 154 29
152 155 14
152 156 49
152 157 27
152 506 41
152 589 28
152 893 10
153 154 67
153 155 66
153 156 66
153 157 88
153 158 74
153 159 77
153 507 51
154 155 54
154 156 54
154 157 30
154 158 10
154 160 44
154 366 1
154 835 72
154 910 12
155 157 79
155 160 64
155 391 89
155 474 69
155 815 3
155 874 61
155 902 69
156 158 74
156 159 67
156 160 61
156 162 19
156 605 86
156 821 2
157 158 86
157 162 20
157 163 47
157 343 14
157 374 97
157 481 90
157 672 95
158 162 5
158 163 20
158 164 20
158 408 28
158 639 89
158 762 62
158 908 96
159 164 53
159 165 44
159 486 91
159 700 48
159 806 66
159 882 25
159 958 85
160 161 26
160 162 54
160 163 93
160 164 11
160 166 98
160 627 98
161 162 6
161 163 13
161 165 57
161 166 57
161 167 31
161 414 32
161 583 35
161 746 2
161 957 72
162 163 39
162 164 57
162 166 66
162 167 37
162 168 70
162 724 25
163 166 87
163 167 73
163 169 3
163 324 53
163 668 72
163 677 81
164 165 26
164 166 81
164 169 9
164 170 100
164 426 38
164 488 68
164 828 29
165 166 13
165 167 32
165 168 85
165 169 94
165 238 59
165 508 41
165 519 88
166 167 89
166 168 78
166 169 60
166 170 60
166 650 31
167 168 31
167 169 77
167 172 41
167 173 39
167 465 92
167 513 61
167 695 77
167 869 61
168 169 95
168 170 29
168 171 38
168 172 54
168 173 86
168 174 40
168 196 28
168 218 29
169 170 97
169 172 5
169 237 69
169 364 97
169 585 76
169 590 14
169 877 84
170 172 92
170 173 49
170 175 47
170 176 34
170 179 60
170 202 28
170 685 74
171 172 2
171 177 8
171 216 96
171 258 53
171 375 36
171 413 61
171 487 53
171 528 72
171 722 96
171 860 21
172 173 74
172 176 89
172 610 68
172 718 76
172 867 64
173 174 13
173 175 75
173 177 50
173 178 31
173 179 29
173 257 96
173 440 84
173 618 34
173 796 28
174 175 46
174 177 1
174 178 86
174 179 91
174 180 73
174 660 39
174 880 72
175 176 94
175 180 97
175 181 74
175 303 62
175 360 9
175 386 17
175 641 1
176 178 40
176 179 28
176 181 98
176 182 73
176 492 79
176 735 90
176 836 73
177 178 94
177 179 59
177 180 100
177 182 79
177 183 67
177 352 11
178 179 43
178 181 96
178 182 68
178 208 78
178 252 55
178 497 55
179 180 93
179 181 3
179 182 27
179 183 95
179 185 46
179 372 75
179 741 49
180 181 84
180 183 45
180 184 82
180 185 76
180 186 71
180 200 48
180 851 19
181 182 99
181 183 68
181 184 95
181 186 73
181 187 68
181 780 39
182 183 92
182 188 90
182 193 69
182 401 61
182 487 13
182 525 1
182 538 13
182 683 35
182 815 78
183 184 76
183 188 18
183 189 91
183 497 48
183 529 91
183 738 41
183 834 6
183 910 85
184 185 44
184 186 15
184 187 65
184 188 1
184 189 99
184 190 83
184 263 76
184 497 71
184 793 24
184 983 99
185 186 52
185 188 65
185 190 78
185 191 24
185 497 61
186 187 65
186 189 18
186 190 68
186 191 71
186 449 20
186 578 56
186 585 98
186 616 28
187 188 66
187 190 1
187 191 89
187 192 70
187 204 14
187 380 99
187 503 45
188 189 60
188 190 51
188 191 57
188 192 6
188 193 11
188 194 29
189 190 14
189 191 21
189 192 83
189 193 33
189 194 67
189 195 88
189 265 32
189 583 65
190 191 2
190 192 81
190 193 86
190 196 3
190 684 74
190 862 54
190 954 95
191 192 28
191 193 89
191 194 55
191 197 3
191 198 67
191 414 69
192 193 48
192 195 72
192 197 38
192 198 34
192 241 13
192 517 63
192 667 21
192 974 2
193 195 56
193 196 86
193 197 87
193 199 18
193 755 42
193 758 64
193 916 49
194 195 33
194 196 68
194 197 54
194 198 47
194 199 14
194 200 95
195 196 8
195 197 76
195 199 67
195 200 30
195 201 83
195 678 9
195 740 3
195 916 95
196 197 72
196 198 7
196 201 99
196 243 56
196 600 45
196 608 45
196 786 25
196 822 79
197 202 2
197 203 32
197 446 41
197 748 4
197 973 26
197 983 29
197 986 60
198 199 90
198 200 71
198 202 50
198 203 13
198 556 89
198 693 64
198 791 1
199 201 42
199 202 15
199 203 6
199 204 45
199 551 12
199 646 76
199 815 85
199 892 7
200 202 59
200 203 98
200 204 95
200 206 60
200 226 24
201 204 16
201 205 97
201 206 23
201 207 59
201 261 74
201 540 77
202 205 97
202 206 7
202 207 6
202 333 96
202 494 88
202 589 44
202 947 42
203 204 40
203 205 89
203 206 40
203 207 78
203 208 73
203 367 53
204 205 97
204 207 83
204 479 72
204 538 86
204 810 30
204 970 85
205 206 48
205 207 69
205 208 40
205 210 100
205 211 16
205 276 23
205 726 43
205 905 13
205 928 8
206 207 32
206 208 49
206 212 55
206 253 72
206 455 91
206 614 10
206 899 59
206 959 26
207 208 28
207 209 69
207 210 65
207 211 56
207 212 6
207 213 90
207 920 8
208 209 56
208 210 97
208 212 24
208 213 42
208 214 50
208 821 35
209 210 85
209 211 27
209 212 87
209 213 12
209 376 23
209 677 70
209 826 59
209 859 12
210 211 1
210 212 5
210 214 86
210 232 4
210 888 63
210 922 9
211 213 23
211 214 41
211 216 2
211 217 38
211 310 13
211 517 48
211 620 20
211 680 92
211 801 49
212 213 61
212 214 6
212 216 26
212 217 91
212 274 31
212 573 82
212 854 89
212 994 96
213 217 39
213 218 12
213 287 85
213 353 48
213 529 56
213 566 72
214 215 3
214 218 1
214 219 62
214 247 18
214 372 66
214 476 40
214 751 2
215 216 24
215 218 16
215 219 10
215 221 54
215 293 3
215 320 32
216 217 86
216 218 90
216 220 8
216 222 45
216 229 36
216 697 65
216 989 13
217 218 28
217 219 85
217 220 56
217 221 96
217 222 86
217 223 50
218 219 39
218 220 56
218 223 16
218 224 42
218 626 57
219 220 10
219 221 20
219 222 28
219 223 63
219 224 49
219 225 80
219 433 44
219 700 32
220 221 52
220 222 52
220 223 97
220 224 99
220 225 80
220 226 39
221 225 7
221 226 92
221 227 2
221 318 14
221 331 82
221 387 52
221 717 70
221 910 87
222 224 78
222 225 43
222 227 42
222 271 56
222 665 36
222 827 59
222 885 100
223 225 62
223 226 81
223 228 75
223 229 85
223 311 39
223 722 14
223 768 57
224 226 94
224 227 74
224 228 72
224 230 32
224 289 53
224 542 54
224 790 100
225 227 24
225 228 1
225 229 37
225 230 1
225 254 67
225 501 93
225 699 47
226 227 65
226 228 4
226 229 82
226 230 53
226 231 10
226 232 34
226 611 23
227 228 83
227 229 90
227 230 43
227 343 5
227 415 70
227 781 41
227 805 37
228 229 66
228 230 6
228 231 13
228 232 73
228 233 27
228 234 56
229 230 26
229 232 11
229 233 57
229 234 89
229 235 47
229 382 69
229 640 15
229 882 14
229 979 97
230 231 27
230 232 66
230 233 86
230 234 82
230 235 30
230 236 57
230 673 89
231 233 17
231 235 39
231 365 99
231 455 16
231 579 100
231 835 23
231 966 34
232 233 69
232 234 30
232 236 44
232 440 17
232 562 29
232 602 62
233 234 91
233 235 25
233 236 42
233 238 48
233 239 48
233 280 20
233 412 82
233 745 83
233 793 90
233 797 6
234 235 4
234 239 50
234 240 91
234 493 92
234 546 69
235 236 46
235 238 18
235 239 46
235 241 68
235 335 71
235 393 39
235 908 87
235 955 26
236 238 3
236 239 83
236 240 96
236 241 29
236 242 56
236 588 97
237 239 21
237 240 42
237 241 14
237 242 47
238 239 79
238 240 28
238 242 4
238 243 25
238 329 87
238 429 87
238 443 66
238 650 98
238 716 69
238 797 17
238 904 19
239 240 45
239 244 5
239 245 64
239 640 80
239 759 16
239 895 73
240 241 44
240 242 8
240 243 18
240 246 27
240 503 18
240 652 81
241 242 58
241 244 70
241 245 37
241 246 59
241 247 1
241 253 23
241 336 75
242 243 36
242 244 29
242 246 15
242 248 59
242 470 100
242 652 28
243 244 93
243 246 22
243 249 41
243 323 90
243 487 37
243 679 44
244 245 94
244 246 47
244 247 22
244 248 29
244 249 95
244 250 19
244 287 3
245 246 44
245 247 97
245 248 28
245 251 18
245 262 86
245 273 4
245 375 73
245 446 77
245 455 86
245 543 12
245 670 67
245 779 55
245 915 55
246 247 43
246 248 44
246 249 1
246 251 51
246 252 67
246 486 10
246 776 35
246 935 99
247 248 1
247 249 83
247 250 17
247 251 86
247 252 94
247 253 54
247 951 25
248 249 22
248 251 49
248 254 12
248 597 76
248 998 44
249 252 4
249 253 24
249 254 17
249 255 24
249 563 86
249 844 4
250 251 13
250 253 18
250 254 85
250 255 70
250 256 8
250 601 67
251 252 5
251 253 85
251 254 82
251 256 66
251 257 73
251 565 31
252 253 61
252 255 88
252 256 16
252 257 46
252 258 94
252 633 22
252 741 43
253 256 66
253 259 50
253 279 59
253 393 49
253 644 67
253 654 71
253 707 97
254 256 94
254 257 4
254 258 68
254 259 84
254 594 61
255 256 15
255 257 45
255 258 16
255 260 15
255 261 25
255 733 62
256 257 26
256 258 1
256 260 68
256 262 73
256 445 50
256 484 18
256 658 19
256 750 14
257 258 59
257 259 80
257 260 70
257 261 87
257 262 76
257 263 25
257 279 47
257 552 88
258 259 18
258 261 83
258 262 72
258 263 41
258 264 2
258 443 36
258 737 26
258 989 74
259 262 48
259 264 7
259 265 89
259 333 18
259 562 44
259 734 39
260 262 85
260 263 58
260 264 40
260 265 95
260 266 61
260 432 32
260 549 54
261 262 66
261 263 38
261 264 91
261 265 72
261 266 28
261 267 98
261 692 61
261 733 85
261 948 92
262 263 100
262 264 92
262 265 41
262 266 91
262 267 7
262 268 14
262 967 99
263 264 24
263 267 91
263 269 63
263 432 26
263 580 22
264 266 96
264 267 47
264 269 79
264 270 55
264 329 2
264 335 24
264 674 14
264 790 99
265 266 47
265 268 88
265 269 79
265 893 13
266 267 19
266 268 83
266 269 85
266 270 15
266 271 57
266 353 20
267 268 59
267 269 28
267 270 31
267 271 2
267 272 27
267 273 93
267 362 67
267 930 25
268 269 45
268 270 56
268 271 3
268 272 20
268 273 89
268 274 85
269 270 22
269 273 57
269 274 36
269 436 69
269 622 100
269 669 11
269 702 14
269 891 9
269 943 36
270 272 16
270 273 63
270 275 55
270 276 3
270 502 35
270 891 16
271 272 11
271 273 64
271 274 75
271 275 93
271 277 85
271 666 82
271 796 49
272 273 41
272 274 25
272 275 2
272 276 82
272 277 3
272 278 94
273 275 97
273 276 21
273 277 2
273 588 56
273 622 80
273 722 79
274 276 15
274 277 8
274 278 74
274 279 100
274 280 67
274 425 69
275 276 86
275 277 25
275 279 65
275 280 88
275 281 30
276 277 19
276 281 12
276 282 3
276 405 23
276 540 43
276 636 88
276 967 43
277 278 98
277 282 89
277 495 73
277 556 39
277 591 14
277 915 34
278 281 49
278 282 32
278 284 51
278 319 97
278 642 60
278 731 10
278 791 30
279 280 18
279 281 25
279 282 7
279 284 22
279 487 90
279 490 26
280 281 39
280 283 10
280 284 70
280 285 82
280 286 40
280 682 8
280 712 30
281 282 14
281 283 55
281 284 86
281 285 51
281 302 94
281 410 50
281 658 95
282 283 3
282 284 9
282 285 35
282 286 28
282 715 73
282 895 8
283 284 97
283 285 43
283 286 73
283 287 51
283 288 9
283 289 20
283 302 22
283 359 84
283 545 28
283 864 74
284 286 6
284 288 45
284 290 59
284 357 76
284 469 45
284 913 92
285 286 35
285 287 53
285 288 84
285 289 25
285 290 87
285 409 64
285 703 32
285 752 2
285 770 54
286 287 56
286 288 27
286 290 97
286 291 29
286 292 52
286 478 62
286 529 11
287 289 81
287 290 54
287 291 28
287 292 92
287 293 92
287 303 53
287 677 10
288 289 27
288 290 70
288 291 35
288 292 64
288 398 31
288 511 22
289 290 68
289 292 50
289 293 18
289 294 66
289 295 12
289 352 26
289 595 9
289 892 63
290 291 51
290 293 25
290 294 16
290 435 100
290 472 71
290 486 56
290 651 12
290 805 22
290 834 81
290 911 38
291 292 70
291 293 8
291 294 36
291 295 67
291 296 93
291 615 83
292 293 50
292 294 7
292 295 95
292 296 25
292 297 45
292 390 71
292 662 60
293 294 34
293 295 57
293 296 94
293 297 92
293 298 23
293 401 6
293 841 88
293 909 58
294 295 99
294 296 29
294 299 47
294 300 21
294 698 98
294 717 30
295 296 75
295 298 90
295 300 60
295 301 65
295 389 80
295 395 73
295 619 70
295 693 9
296 297 18
296 298 64
296 299 23
296 300 19
296 301 84
296 389 78
297 298 21
297 299 79
297 300 55
297 301 65
297 302 48
297 303 4
297 943 25
298 299 27
298 301 64
298 302 92
298 303 93
298 304 93
298 643 55
298 874 31
299 300 50
299 301 76
299 302 26
299 303 94
299 304 92
299 305 63
299 431 72
299 810 38
299 942 41
300 302 89
300 303 55
300 304 64
300 305 68
300 575 37
300 662 62
300 717 20
301 304 14
301 305 7
301 306 86
301 307 51
301 488 5
301 584 41
301 703 73
301 883 54
302 303 66
302 304 46
302 305 7
302 306 27
302 307 58
303 304 97
303 305 47
303 307 81
303 308 97
304 305 85
304 306 94
304 307 95
304 310 6
304 461 60
304 462 39
304 700 57
304 945 80
305 307 97
305 308 83
305 309 30
305 310 57
305 540 43
306 307 41
306 308 37
306 309 80
306 310 95
306 311 44
306 312 7
306 751 33
307 308 80
307 311 91
307 312 36
307 313 82
307 476 17
307 538 78
307 598 74
308 309 18
308 311 79
308 312 4
308 313 82
308 401 24
308 758 33
309 311 76
309 312 33
309 313 41
309 314 32
309 315 87
309 759 62
310 311 98
310 312 54
310 313 10
310 315 36
310 316 22
310 324 38
310 499 44
311 312 34
311 314 7
311 316 97
311 317 87
311 376 36
311 647 74
311 854 35
311 989 8
312 314 5
312 315 8
312 316 53
312 317 27
312 318 32
312 489 70
312 875 9
313 315 32
313 316 32
313 318 8
313 319 47
313 385 79
313 495 43
313 558 46
313 571 31
313 690 62
313 731 48
314 315 71
314 316 27
314 317 88
314 318 15
314 319 87
314 320 6
315 316 40
315 317 66
315 318 22
315 319 45
315 320 3
315 321 58
315 937 21
316 317 17
316 318 39
316 319 32
316 322 89
316 599 45
316 743 40
316 783 36
316 863 2
317 320 89
317 321 92
317 322 41
317 323 33
317 506 35
317 589 42
318 323 66
318 370 57
318 516 34
318 570 87
318 818 29
318 975 10
319 320 64
319 321 1
319 322 6
319 323 31
319 324 32
319 325 11
319 918 6
320 322 98
320 323 19
320 324 17
320 325 97
320 381 90
320 829 34
321 322 19
321 323 4
321 324 12
321 325 61
321 326 36
321 397 91
321 623 21
321 857 47
321 872 61
322 324 46
322 327 91
322 328 46
322 596 71
322 883 14
322 885 37
322 889 11
322 936 69
323 324 7
323 328 8
323 329 57
323 778 2
323 855 80
323 927 95
323 949 55
324 325 27
324 326 14
324 327 47
324 328 44
324 329 15
324 902 16
325 327 88
325 329 91
325 330 98
325 331 70
325 419 34
325 590 49
326 328 31
326 539 5
326 717 63
326 718 37
326 905 61
327 328 31
327 329 12
327 330 10
327 331 69
327 332 31
327 858 39
328 329 33
328 331 2
328 332 3
328 333 92
328 394 7
328 432 5
328 452 80
328 862 74
328 910 11
329 330 66
329 331 38
329 333 20
329 335 19
329 384 50
329 608 13
330 331 47
330 334 19
330 335 39
330 336 90
331 332 91
331 333 34
331 334 73
331 335 90
331 336 54
331 337 45
332 335 66
332 337 4
332 338 71
332 575 70
332 854 40
332 862 69
332 981 38
333 334 25
333 336 57
333 338 89
333 993 67
334 336 97
334 337 59
334 338 87
334 340 21
334 857 33
335 340 26
335 341 77
335 715 10
335 915 92
335 929 43
336 337 22
336 338 88
336 341 10
336 342 90
336 452 84
336 827 22
337 339 88
337 340 78
337 341 25
337 342 39
337 343 15
337 661 63
337 798 56
338 339 78
338 340 7
338 343 20
338 629 44
338 909 3
339 340 13
339 341 22
339 342 93
339 343 8
339 407 19
339 765 45
339 938 49
340 341 16
340 342 80
340 344 22
340 345 49
340 790 52
341 342 88
341 343 76
341 344 80
341 345 59
341 346 84
341 347 47
342 343 88
342 344 8
342 345 89
342 346 26
342 347 96
342 348 61
343 344 21
343 345 91
343 346 68
343 347 57
343 412 55
343 600 73
343 717 47
344 345 57
344 346 80
344 348 1
344 478 94
344 629 4
344 692 10
344 808 9
344 923 86
344 984 90
345 346 72
345 347 81
345 349 28
345 350 51
345 547 42
345 880 3
345 885 94
345 988 95
346 348 58
346 349 22
346 350 57
346 351 4
346 352 67
346 798 29
347 349 89
347 350 13
347 351 65
347 353 36
347 509 73
347 617 34
347 681 21
347 686 3
348 349 3
348 350 49
348 351 7
348 352 14
348 353 62
348 354 11
348 645 85
348 887 65
349 352 86
349 354 72
349 578 93
349 761 13
349 934 39
350 351 90
350 352 2
350 353 70
350 354 10
350 355 89
350 356 75
350 487 75
350 685 68
350 746 39
351 352 57
351 354 99
351 355 29
351 356 54
351 357 10
352 353 65
352 354 21
352 356 10
352 357 26
352 358 6
352 879 8
353 355 19
353 356 1
353 357 29
353 359 79
353 472 28
353 849 4
354 355 56
354 356 40
354 359 41
354 360 20
354 503 81
354 761 94
355 356 58
355 358 93
355 359 27
355 360 38
355 361 60
355 796 40
355 953 82
356 357 53
356 358 84
356 360 43
356 361 80
356 362 8
356 440 90
357 358 81
357 359 66
357 361 84
357 362 95
357 363 64
357 471 14
357 631 26
358 359 62
358 360 98
358 361 62
358 363 86
358 364 96
358 653 8
358 766 57
358 997 45
359 360 6
359 362 25
359 365 57
359 553 93
359 739 51
360 361 86
360 363 21
360 365 32
360 366 17
360 386 87
361 362 35
361 363 92
361 364 48
361 366 18
361 367 48
361 368 90
361 466 93
361 690 97
362 363 35
362 364 24
362 366 73
362 367 49
362 368 24
362 614 92
362 937 67
363 364 62
363 365 82
363 366 42
363 367 62
363 368 44
363 649 46
363 842 97
364 365 30
364 366 74
364 367 1
364 368 51
364 369 4
364 370 29
364 483 32
364 578 42
365 366 24
365 367 43
365 368 11
365 369 89
365 370 14
365 371 89
365 760 80
365 929 74
366 368 21
366 369 38
366 371 56
366 372 15
366 620 32
366 809 1
366 815 98
367 368 12
367 369 9
367 370 18
367 371 3
367 372 29
367 476 46
367 783 40
367 879 30
368 370 100
368 372 34
368 374 97
368 434 85
368 943 77
369 370 30
369 371 14
369 372 4
369 373 92
369 374 4
369 375 65
369 956 96
370 371 99
370 376 43
370 566 41
370 645 46
370 749 65
370 754 23
370 837 16
370 946 61
371 372 90
371 373 71
371 376 50
371 377 98
371 564 92
371 747 25
371 962 53
371 991 22
372 373 41
372 374 14
372 375 36
372 377 17
372 914 90
373 377 97
373 378 49
373 379 65
373 441 59
373 453 44
373 768 82
373 867 81
374 375 8
374 376 37
374 378 71
374 402 63
374 665 64
374 752 67
374 883 64
375 376 56
375 377 99
375 381 73
375 866 32
376 380 62
376 580 1
376 671 94
377 378 42
377 379 50
377 380 45
377 381 38
377 382 83
377 383 20
377 952 68
378 379 64
378 380 17
378 381 11
378 383 43
378 610 20
378 631 14
378 871 81
378 937 9
379 380 7
379 381 48
379 382 7
379 384 53
379 385 97
379 609 72
380 381 1
380 383 78
380 384 57
380 385 36
380 386 12
380 396 88
380 403 3
381 382 85
381 383 24
381 384 84
381 385 14
381 386 33
381 387 80
381 547 83
382 383 1
382 384 17
382 386 59
382 387 44
382 388 8
382 587 10
383 384 16
383 385 66
383 386 31
383 387 73
383 388 18
383 389 59
383 861 82
384 386 73
384 387 58
384 389 58
384 390 41
384 861 8
384 982 12
385 389 58
385 390 94
385 391 72
385 469 88
385 634 44
385 887 69
385 979 3
386 388 89
386 389 99
386 391 83
386 392 53
386 633 78
387 388 58
387 390 86
387 391 94
387 392 17
387 393 29
387 546 95
387 696 92
387 737 72
387 843 8
388 389 13
388 390 33
388 394 10
388 459 93
388 512 78
388 551 28
388 817 6
389 390 92
389 391 92
389 392 84
389 394 82
389 395 71
389 666 33
390 392 5
390 393 19
390 394 15
390 569 14
390 809 75
391 392 50
391 393 53
391 394 28
391 395 16
391 396 38
391 553 89
391 713 56
391 822 78
391 954 52
392 395 69
392 396 85
392 397 78
392 398 47
392 664 21
392 802 7
392 913 63
393 394 46
393 395 46
393 397 42
393 398 33
393 768 59
393 838 95
394 396 55
394 398 95
394 399 14
394 633 39
395 396 99
395 397 6
395 400 40
395 476 52
395 676 74
395 935 48
396 398 20
396 400 80
396 401 18
396 402 46
396 589 47
396 623 1
397 398 99
397 399 98
397 401 42
397 402 26
397 403 41
397 451 100
398 399 10
398 400 57
398 401 44
398 404 93
398 452 91
398 631 75
399 402 59
399 404 80
399 405 89
399 631 74
399 765 1
399 834 65
399 965 55
400 402 68
400 403 31
400 404 27
400 405 53
400 406 76
401 402 78
401 403 35
401 406 21
401 407 94
401 726 24
402 403 41
402 404 60
402 406 19
402 407 29
402 408 77
403 404 46
403 405 54
403 406 36
403 407 66
403 409 27
403 424 71
403 734 13
403 816 81
404 408 27
404 410 60
404 628 61
404 659 78
404 979 1
405 407 75
405 408 84
405 410 82
405 679 7
405 872 88
406 407 2
406 408 69
406 409 93
406 410 15
406 411 42
406 412 6
406 897 95
407 409 31
407 410 31
407 413 15
407 610 99
407 781 40
407 908 47
408 409 63
408 410 68
408 412 55
408 413 49
408 414 29
409 410 31
409 411 25
409 412 93
409 413 15
409 414 88
410 411 61
410 412 15
410 413 46
410 414 65
410 415 44
411 412 20
411 413 27
411 414 49
411 415 45
411 417 64
411 448 71
411 805 56
411 901 61
411 969 9
412 413 99
412 414 64
412 415 85
412 416 26
412 654 59
413 416 15
413 418 31
413 419 80
413 422 4
413 942 100
414 416 86
414 417 1
414 418 52
414 420 55
414 996 81
415 417 89
415 418 9
415 420 53
415 421 61
416 417 30
416 420 44
416 421 83
416 422 66
416 867 82
416 980 75
417 418 81
417 419 71
417 420 40
417 421 53
417 423 42
417 956 45
418 422 76
418 423 73
418 424 34
418 811 95
418 909 42
419 420 10
419 421 96
419 422 27
419 423 46
419 424 5
419 722 78
419 748 90
420 421 51
420 422 79
420 423 61
420 424 72
420 425 61
420 426 5
420 747 17
421 423 98
421 425 89
421 426 17
421 427 57
421 431 29
421 990 30
422 423 31
422 424 47
422 425 88
422 426 95
422 834 15
422 873 79
423 425 69
423 426 34
423 427 21
423 429 92
423 646 24
423 896 47
424 425 79
424 426 90
424 427 99
424 429 17
424 437 1
424 650 58
424 673 33
425 426 4
425 428 63
425 429 83
425 430 97
425 512 60
425 756 42
425 862 62
425 972 26
426 428 85
426 429 16
426 431 53
426 487 25
426 621 19
426 717 94
426 893 75
427 428 70
427 429 100
427 430 98
427 431 99
427 432 35
427 433 28
427 916 26
428 430 73
428 431 89
428 432 52
428 433 58
428 434 81
428 633 92
428 892 62
429 430 89
429 431 40
429 434 61
429 435 100
429 659 71
429 837 12
430 431 34
430 433 27
430 436 53
430 751 47
430 991 22
431 433 81
431 435 37
431 437 37
431 846 46
432 433 26
432 435 24
432 437 77
432 438 43
432 690 100
432 704 25
432 768 30
433 434 52
433 435 29
433 436 68
433 437 99
433 438 58
434 435 42
434 436 51
434 437 53
434 438 50
434 439 1
434 440 92
435 441 12
435 503 15
435 651 54
435 770 11
435 814 43
435 851 54
436 437 29
436 438 65
436 439 16
436 440 14
436 442 50
436 586 25
437 438 43
437 440 55
437 441 18
437 442 41
437 443 13
438 439 85
438 440 50
438 441 29
438 597 64
438 877 64
438 943 98
439 440 88
439 441 1
439 444 87
439 445 44
439 629 39
439 811 19
439 892 21
439 990 13
440 444 98
440 445 6
440 446 47
440 774 90
441 442 71
441 443 38
441 444 36
441 445 91
441 447 98
441 508 93
441 953 18
442 443 4
442 444 31
442 446 66
442 447 53
442 448 20
442 546 98
442 832 55
442 920 29
443 447 75
443 448 84
443 591 62
443 647 14
443 706 55
443 803 25
444 445 99
444 446 51
444 447 91
444 448 49
444 450 57
444 941 25
445 447 2
445 448 19
445 450 6
445 451 69
445 602 41
445 813 88
445 836 56
446 447 29
446 448 56
446 450 36
446 452 86
446 705 1
446 862 30
447 448 55
447 450 2
447 451 76
447 452 16
447 555 38
447 624 32
448 449 62
448 450 11
448 451 48
448 452 82
448 454 56
448 522 75
449 450 39
449 451 89
449 452 12
449 453 22
449 454 17
449 455 16
449 700 13
450 451 98
450 452 32
450 453 44
450 454 9
450 455 75
450 512 70
450 836 53
451 452 17
451 454 65
451 457 60
451 652 87
451 976 52
452 453 88
452 455 73
452 456 46
452 490 64
452 620 77
452 693 2
453 454 14
453 455 90
453 456 33
453 457 89
453 459 13
453 826 40
454 455 91
454 456 58
454 457 19
454 458 16
454 459 18
454 460 60
454 624 73
455 456 46
455 457 50
455 458 72
455 459 69
455 461 82
456 457 72
456 458 7
456 460 53
456 462 87
456 556 45
456 677 41
456 785 32
457 459 79
457 460 80
457 461 74
457 462 60
457 463 93
457 625 99
457 684 88
458 459 22
458 460 3
458 461 21
458 462 17
458 463 48
458 464 23
458 809 26
459 461 3
459 462 21
459 464 100
459 465 35
459 677 5
460 461 70
460 462 84
460 463 69
460 464 39
460 465 75
460 466 57
461 462 18
461 463 1
461 465 80
461 466 33
461 467 49
461 488 48
461 892 45
462 467 10
462 468 47
462 485 57
462 707 71
462 799 42
463 464 40
463 465 94
463 466 97
463 467 14
463 468 32
463 469 22
463 597 73
464 465 97
464 467 29
464 468 89
464 469 40
464 520 16
464 538 100
464 600 56
464 710 85
464 716 59
465 466 85
465 467 26
465 469 76
465 470 90
465 471 72
465 732 95
466 467 86
466 468 45
466 469 21
466 470 76
466 471 62
467 468 25
467 469 72
467 472 67
467 473 36
467 615 60
467 673 41
467 835 44
468 470 57
468 471 55
468 472 98
468 571 40
468 624 10
468 970 58
469 470 3
469 471 24
469 472 38
469 473 39
469 474 17
469 493 98
469 641 92
469 822 3
470 473 90
470 474 88
470 475 98
470 476 21
470 482 68
470 913 50
471 472 27
471 473 24
471 474 92
471 475 49
471 477 36
471 931 92
472 473 45
472 474 59
472 475 13
472 478 99
472 600 73
472 710 56
472 792 72
472 985 10
473 475 54
473 477 49
473 478 46
473 479 5
473 592 13
473 855 17
474 475 56
474 476 99
474 477 63
474 478 58
474 767 97
474 775 19
474 793 65
475 476 5
475 477 19
475 479 46
475 480 14
475 481 96
475 541 55
475 791 34
475 924 55
476 477 19
476 478 1
476 479 30
476 480 62
476 481 33
476 482 59
476 739 47
477 478 61
477 479 44
477 480 24
477 481 18
477 482 13
477 483 7
478 479 32
478 480 40
478 481 10
478 482 31
479 482 91
479 485 38
479 666 22
479 736 76
479 779 75
479 893 17
479 971 82
480 481 58
480 482 66
480 483 44
480 484 60
480 485 51
480 486 22
480 533 79
481 482 57
481 483 35
481 484 75
481 486 48
481 528 96
481 536 1
482 483 62
482 485 64
482 486 56
482 487 15
482 488 51
483 488 69
483 489 27
483 504 18
483 651 86
483 700 33
484 485 71
484 487 95
484 489 13
484 845 93
484 857 85
485 486 37
485 487 62
485 488 3
485 489 100
485 490 18
485 832 10
485 940 53
486 487 91
486 488 39
486 492 45
486 707 67
487 488 71
487 490 4
487 491 56
487 812 38
488 489 23
488 490 88
488 492 78
488 570 10
488 702 64
489 491 74
489 492 32
489 493 73
489 494 87
489 495 92
490 491 59
490 492 93
490 494 64
490 618 63
490 939 84
490 991 16
491 492 49
491 493 36
491 494 98
491 495 26
491 496 8
491 497 85
492 493 45
492 494 23
492 495 74
492 496 95
492 497 74
492 621 5
492 995 60
493 494 30
493 495 94
493 496 48
493 497 62
493 499 29
494 495 60
494 497 16
494 499 17
494 500 16
495 496 67
495 497 63
495 500 93
495 727 59
495 816 99
496 497 32
496 498 80
496 500 89
496 501 74
496 502 47
496 513 90
496 550 81
496 738 82
497 498 1
497 501 81
497 502 88
497 733 42
497 824 62
498 500 42
498 502 99
498 503 90
498 504 74
498 522 9
498 714 10
498 804 51
499 501 9
499 503 42
499 504 68
499 505 26
499 565 51
499 760 5
499 914 37
500 501 68
500 502 55
500 503 86
500 504 86
500 506 22
500 804 29
500 845 36
501 502 16
501 503 5
501 505 45
501 506 51
501 633 56
501 668 20
502 504 82
502 505 20
502 506 49
502 507 57
502 745 32
502 757 42
502 956 79
503 504 74
503 507 90
503 508 98
503 509 39
503 575 77
503 581 75
504 505 26
504 508 66
504 509 30
504 510 51
504 641 37
505 507 90
505 509 99
505 510 84
505 511 50
505 700 22
505 943 40
505 982 38
506 509 35
506 510 85
506 666 16
507 508 23
507 510 88
507 511 94
507 512 43
507 513 23
508 509 17
508 511 23
508 513 26
508 793 80
508 856 92
508 888 72
508 970 72
509 510 5
509 513 94
509 514 1
509 515 63
509 550 84
509 776 91
510 511 90
510 513 18
510 534 92
510 795 19
510 984 21
511 512 4
511 514 76
511 515 68
511 516 93
511 517 33
511 584 9
511 732 42
512 513 99
512 515 59
512 517 14
512 518 94
513 515 2
513 517 88
513 519 17
513 895 19
513 908 19
514 516 69
514 517 37
514 518 48
514 519 24
514 520 98
514 706 74
514 883 53
515 516 16
515 517 57
515 518 29
515 519 16
515 520 20
515 679 44
516 517 49
516 518 11
516 520 45
516 522 11
516 845 5
517 519 41
517 520 38
517 522 13
517 907 35
517 966 45
518 519 18
518 520 69
518 521 36
518 522 5
518 523 33
518 524 17
518 613 92
518 986 98
519 520 47
519 521 54
519 524 24
519 701 79
519 762 34
519 946 63
520 522 91
520 524 29
520 525 25
520 526 82
520 540 90
520 542 26
520 800 85
521 522 87
521 523 36
521 525 97
521 526 63
521 611 64
522 523 36
522 525 68
522 527 38
522 528 56
522 645 76
523 524 55
523 525 71
523 527 64
523 528 61
523 597 64
523 760 17
523 890 95
524 526 48
524 530 19
524 588 10
524 999 65
525 527 13
525 528 25
525 529 35
525 530 7
525 531 82
525 662 91
525 915 35
526 528 16
526 529 63
526 531 81
526 706 20
526 725 27
526 844 71
527 528 51
527 529 45
527 530 19
527 531 17
527 532 62
527 533 23
527 666 7
528 530 27
528 532 4
528 533 40
528 534 11
528 710 15
529 530 52
529 531 33
529 532 86
529 533 85
529 535 2
529 697 36
530 531 3
530 532 64
530 534 65
530 536 13
530 736 41
530 991 12
531 532 38
531 534 79
531 535 82
531 536 35
531 537 52
531 841 41
531 930 11
532 533 39
532 534 8
532 535 50
532 536 52
532 537 51
532 538 7
532 607 96
532 903 72
532 990 22
533 534 89
533 536 76
533 537 26
533 538 8
533 657 29
534 535 66
534 536 87
534 537 74
534 538 90
534 540 86
534 618 82
534 886 56
534 934 88
535 536 95
535 537 7
535 538 17
535 539 92
535 540 52
535 541 88
535 600 43
535 877 83
536 538 72
536 540 53
536 541 96
536 542 22
536 563 2
536 612 88
536 928 28
537 538 26
537 539 41
537 542 92
537 543 31
537 577 58
537 686 52
537 757 5
538 539 73
538 540 22
538 542 18
538 543 56
538 544 24
539 540 52
539 541 79
539 542 99
539 544 87
539 545 89
539 858 22
540 543 12
540 544 1
540 545 29
540 546 10
541 542 23
541 543 79
541 545 60
541 546 54
541 547 60
541 881 69
542 544 42
542 545 18
542 546 61
542 547 54
542 548 51
542 555 87
543 545 8
543 546 27
543 547 50
543 548 74
543 549 65
543 859 26
544 547 71
544 548 96
544 549 23
544 550 47
544 832 47
545 546 32
545 547 71
545 548 11
545 551 69
545 944 9
545 997 60
546 549 71
546 551 54
546 552 5
546 675 57
546 745 55
547 548 4
547 550 2
547 552 44
547 765 20
548 549 35
548 550 45
548 551 29
548 552 94
548 553 92
548 554 41
549 551 58
549 554 18
549 688 66
549 752 73
549 863 32
549 933 7
549 958 89
549 998 56
550 551 46
550 552 55
550 553 24
550 554 19
550 555 88
551 552 97
551 553 8
551 554 52
551 556 23
551 702 5
552 553 91
552 554 82
552 557 11
552 558 99
552 834 18
552 845 45
552 920 13
552 995 15
553 554 65
553 556 55
553 557 94
553 558 60
553 559 58
553 833 87
554 555 80
554 557 16
554 558 57
554 559 41
554 560 83
554 629 40
554 988 28
555 556 67
555 557 83
555 558 32
555 561 91
555 810 14
555 967 32
556 558 5
556 560 85
556 561 59
556 665 5
556 804 49
557 558 59
557 559 84
557 561 53
557 562 99
557 563 8
557 576 54
557 766 75
557 814 23
557 988 86
558 560 85
558 561 42
558 562 56
558 563 40
558 706 54
559 560 77
559 561 4
559 564 4
559 565 35
559 969 83
560 561 32
560 562 47
560 563 71
560 564 56
560 565 65
560 566 11
560 865 81
561 562 61
561 563 79
561 566 28
561 567 83
561 715 11
561 889 88
562 563 31
562 565 43
562 566 4
562 568 54
562 620 18
562 829 13
562 856 71
562 966 16
563 564 72
563 565 30
563 566 7
563 568 2
563 569 95
563 850 85
564 565 16
564 566 68
564 567 11
564 568 38
564 570 70
565 566 85
565 567 83
565 569 27
565 570 59
565 571 12
565 621 5
565 705 46
565 725 53
565 784 82
565 934 34
565 936 51
566 567 39
566 569 73
566 572 38
566 617 60
567 568 62
567 569 57
567 570 5
567 571 50
567 573 71
567 879 34
568 570 55
568 571 50
568 572 7
568 573 5
568 574 30
568 793 96
569 570 67
569 571 26
569 572 69
569 573 26
569 575 5
569 715 45
569 856 7
569 991 100
570 571 43
570 572 99
570 574 52
570 575 35
570 576 63
570 590 35
570 924 43
571 573 8
571 574 90
571 646 98
571 865 37
572 573 90
572 576 45
572 577 52
572 578 65
572 731 74
572 833 80
572 838 56
573 574 28
573 575 98
573 576 41
573 577 26
573 579 51
573 881 87
573 971 97
574 575 7
574 578 62
574 579 40
574 580 29
574 658 16
575 578 36
575 579 72
575 580 64
575 581 55
575 649 89
575 676 31
575 695 67
576 577 6
576 578 66
576 580 4
576 581 33
576 627 85
576 656 39
576 766 89
576 826 83
577 578 35
577 580 97
577 581 68
577 582 3
577 928 32
578 581 71
578 582 21
578 583 89
578 584 13
578 950 42
579 580 31
579 581 38
579 582 3
579 583 36
579 585 79
579 622 29
580 582 56
580 583 93
580 585 98
580 718 74
581 582 79
581 583 75
581 584 11
581 586 20
581 587 87
581 964 92
582 583 5
582 584 30
582 585 99
582 587 49
582 588 38
582 751 58
583 584 53
583 585 46
583 586 96
583 589 74
583 694 76
584 586 23
584 587 95
584 588 83
584 589 34
584 590 61
584 965 51
585 586 86
585 588 45
585 590 84
585 591 7
586 587 12
586 588 8
586 590 7
586 591 83
586 592 93
586 843 9
587 588 95
587 590 82
587 592 60
587 846 54
587 900 81
587 988 19
588 589 14
588 590 72
588 592 95
588 593 44
588 638 65
589 590 80
589 591 95
589 594 99
589 778 95
589 872 45
590 591 12
590 593 24
590 594 35
590 595 40
590 596 5
590 665 76
590 742 41
590 771 35
591 592 33
591 595 13
591 597 32
591 627 99
591 733 82
591 883 70
591 999 69
592 593 83
592 594 20
592 595 80
592 596 74
592 597 70
592 669 99
592 819 68
592 913 82
592 985 40
593 594 92
593 595 15
593 596 83
593 597 34
593 598 1
593 599 96
593 751 100
594 595 94
594 596 28
594 597 41
594 599 41
594 977 73
595 597 12
595 598 17
595 599 63
595 600 43
595 876 92
596 597 84
596 598 92
596 600 46
596 601 29
596 654 87
596 691 54
596 985 43
597 598 87
597 600 65
597 602 34
597 603 53
597 950 25
598 599 82
598 600 61
598 602 75
598 603 52
598 604 48
598 793 74
599 600 60
599 601 63
599 603 19
599 604 55
599 605 53
599 715 44
599 854 5
599 898 77
600 602 91
600 606 62
600 972 94
601 603 48
601 604 10
601 605 36
601 606 96
601 607 76
601 716 53
601 780 1
602 603 2
602 604 64
602 605 35
602 606 48
602 607 66
603 604 89
603 605 5
603 606 5
603 607 41
603 608 78
603 609 52
603 616 4
603 986 38
604 605 13
604 606 86
604 608 86
604 609 9
604 610 59
604 772 16
605 606 63
605 607 73
605 609 3
605 610 75
605 611 7
606 608 7
606 609 24
606 610 44
606 611 91
606 612 62
606 855 88
607 608 72
607 609 89
607 611 32
607 612 11
608 609 71
608 610 50
608 611 66
608 612 73
608 613 15
608 614 100
609 610 31
609 611 95
609 612 17
609 613 76
609 614 5
609 615 60
610 611 28
610 612 82
610 613 21
610 614 39
610 616 84
610 698 11
610 985 28
611 612 27
611 613 25
611 615 41
611 616 33
611 617 16
612 613 60
612 615 41
612 616 80
612 617 8
612 618 46
613 614 26
613 615 68
613 618 12
613 619 41
614 615 98
614 616 46
614 617 71
614 619 27
615 616 69
615 617 18
615 618 71
615 619 16
615 620 44
615 621 1
616 617 23
616 618 53
616 621 6
616 622 51
616 794 29
617 618 61
617 621 68
617 622 46
617 623 41
618 619 25
618 621 67
618 622 63
618 623 50
618 624 8
618 759 64
618 921 17
619 620 36
619 621 5
619 622 19
619 623 14
619 624 9
619 625 95
620 621 19
620 625 48
620 711 47
620 904 36
621 623 53
621 625 49
621 626 62
621 750 69
621 767 14
621 978 71
622 623 90
622 626 50
622 628 82
622 884 12
622 994 56
623 624 19
623 625 7
623 627 35
623 628 18
623 629 82
623 648 23
624 625 93
624 627 15
624 628 74
624 630 25
624 879 98
624 999 88
625 626 95
625 628 49
625 629 87
625 631 15
626 627 95
626 628 30
626 629 42
626 630 82
626 631 24
626 632 63
627 628 45
627 630 60
628 629 30
628 630 49
628 631 54
628 634 69
628 747 59
628 945 48
629 631 22
629 632 80
630 631 2
630 633 28
630 634 28
630 635 12
630 799 53
630 916 94
631 632 40
631 633 36
631 634 79
631 701 14
631 758 45
632 633 60
632 634 17
632 635 3
632 636 14
632 637 7
632 638 99
632 979 74
633 634 28
633 635 6
633 637 25
633 638 52
634 635 73
634 636 53
634 639 90
634 640 67
634 949 19
635 637 80
635 638 44
635 639 77
635 640 84
635 768 61
635 841 53
635 926 82
636 637 56
636 638 97
636 639 51
636 640 35
636 641 23
636 642 99
637 638 51
637 640 47
637 641 37
637 642 96
637 643 27
637 923 47
638 640 99
638 641 27
638 642 71
638 644 52
638 676 64
638 850 65
638 893 96
639 640 79
639 642 81
639 643 29
639 644 8
639 645 77
639 779 60
640 641 28
640 642 17
640 643 20
640 645 7
640 646 91
640 765 58
640 834 50
641 643 75
641 646 55
641 946 42
641 988 43
642 643 78
642 644 62
642 645 18
642 654 96
642 791 86
643 644 60
643 645 64
643 646 46
643 647 59
643 648 17
643 649 13
643 998 52
644 645 72
644 646 53
644 647 45
644 648 45
644 649 89
645 646 76
645 647 17
645 649 46
645 670 72
646 648 63
646 651 46
646 731 31
646 953 81
647 648 94
647 649 99
647 650 31
647 651 70
647 652 60
647 653 74
648 649 21
648 651 86
648 653 76
648 667 79
648 757 20
648 916 97
649 650 29
649 652 90
649 655 78
649 722 57
649 749 84
649 833 28
650 651 57
650 653 68
650 655 80
650 656 99
650 735 58
651 652 70
651 654 46
651 655 49
651 656 66
651 657 68
651 719 22
651 960 82
652 653 42
652 654 5
652 655 94
652 657 33
652 658 86
653 654 88
653 655 94
653 659 89
653 711 82
653 980 2
654 656 92
654 657 68
654 658 7
654 717 69
654 870 93
655 656 51
655 657 63
655 658 97
655 659 99
655 660 23
655 661 35
656 657 30
656 658 72
656 660 8
656 661 65
656 662 67
656 732 91
656 826 40
657 658 19
657 659 66
657 660 22
657 661 70
657 662 90
658 660 59
658 661 80
658 662 83
658 663 30
658 664 5
658 675 91
658 707 9
658 768 77
658 825 98
659 660 64
659 665 91
659 763 2
659 774 30
660 661 30
660 662 48
660 664 88
660 666 32
661 662 4
661 663 7
661 664 51
661 665 96
661 667 71
662 663 70
662 664 23
662 665 40
662 666 96
662 668 65
662 849 75
663 664 41
663 665 61
663 666 66
663 667 87
663 668 68
663 669 6
664 665 15
664 667 40
664 668 89
664 669 66
664 807 79
664 884 99
665 667 19
665 668 7
665 669 89
665 670 5
665 895 37
666 667 62
666 670 1
666 688 22
666 993 25
667 668 34
667 670 60
667 672 57
667 673 33
667 687 100
668 670 6
668 672 95
668 673 26
668 674 75
668 743 34
669 671 98
669 672 93
670 671 57
670 673 86
670 675 52
670 676 31
670 717 25
670 982 55
671 672 80
671 675 73
671 676 19
671 677 95
671 870 48
671 993 24
672 673 37
672 674 73
672 675 39
672 676 5
672 677 63
672 678 82
673 675 69
673 676 80
673 677 25
674 675 66
674 676 28
674 677 38
674 678 31
674 720 92
674 737 50
675 676 36
675 677 77
675 678 57
675 679 41
675 753 91
676 677 37
676 681 61
676 682 78
677 678 28
677 682 58
677 960 8
678 679 37
678 680 49
678 682 62
678 683 9
678 684 63
679 681 49
679 682 2
679 754 93
679 794 89
679 933 14
680 681 19
680 682 50
680 683 8
680 684 53
680 685 13
680 686 76
681 682 33
681 683 34
681 685 20
681 686 20
681 687 99
682 683 67
682 685 51
682 686 19
682 688 15
682 844 57
682 860 16
683 684 45
683 686 64
683 687 52
683 688 87
683 689 42
684 685 23
684 775 3
684 825 91
684 888 57
685 686 60
685 687 78
685 689 82
686 687 95
686 688 58
686 689 73
686 690 72
686 691 18
686 692 95
686 781 5
687 688 98
687 689 47
687 690 64
687 692 37
687 693 71
688 689 37
688 692 27
688 693 53
688 721 76
688 917 4
688 986 89
689 690 50
689 691 56
689 692 44
689 693 51
689 695 38
689 896 98
690 694 33
690 695 44
690 810 85
691 692 86
691 693 62
691 695 29
691 697 36
691 799 57
692 693 5
692 694 11
692 695 81
692 697 5
693 694 55
693 695 23
693 696 79
693 698 48
693 710 4
694 695 100
694 696 28
694 697 36
694 698 77
694 699 94
694 700 76
695 696 63
695 698 35
695 699 87
695 701 15
696 698 100
696 699 15
696 700 22
696 701 66
696 702 6
696 923 57
697 698 57
697 699 6
697 700 39
697 701 1
697 702 95
697 703 26
698 699 3
698 700 9
698 701 35
698 703 34
698 704 54
699 700 43
699 704 60
699 705 96
700 703 27
700 705 9
700 706 81
700 760 81
700 939 83
701 705 58
701 706 31
701 707 99
701 807 26
701 958 38
702 704 92
702 705 66
702 706 44
702 752 38
702 770 98
702 997 29
703 704 58
703 705 61
703 706 17
703 707 70
703 708 62
703 829 70
703 874 65
703 922 1
703 955 68
704 705 35
704 707 7
704 708 93
704 709 3
704 710 86
704 813 17
705 706 51
705 707 68
705 708 26
705 709 5
705 711 34
705 785 96
705 828 21
706 707 78
706 708 91
706 710 72
706 711 7
706 712 77
707 708 6
707 711 60
707 712 13
707 713 75
707 784 98
708 709 4
708 710 62
708 711 62
708 712 78
708 713 11
708 714 85
709 710 81
709 712 51
709 713 25
709 714 81
709 790 31
709 871 8
709 874 20
710 713 14
710 714 75
710 823 56
710 983 33
711 713 93
711 715 57
711 716 15
711 717 43
712 716 57
712 718 85
712 824 3
712 932 76
713 714 7
713 715 73
713 717 36
713 718 8
713 719 55
713 867 56
713 926 53
714 715 55
714 717 12
714 718 60
714 720 57
714 833 62
715 717 82
715 718 59
715 721 50
715 860 16
715 961 46
716 717 98
716 718 62
716 722 85
717 719 1
717 720 26
717 721 63
717 722 83
718 720 44
718 721 83
718 722 51
718 724 73
718 780 48
718 811 69
718 841 63
719 720 16
719 722 6
719 723 1
719 724 51
719 725 60
719 903 5
720 722 17
720 723 23
720 724 23
720 725 3
720 726 32
721 724 32
721 725 4
721 726 16
721 727 60
721 927 82
722 724 82
722 726 33
722 808 25
723 724 96
723 725 98
723 726 80
723 727 32
723 728 73
723 729 83
723 805 57
724 725 83
724 726 94
724 728 48
724 729 56
724 730 29
724 929 44
725 727 63
725 728 8
725 729 5
725 745 75
726 728 72
726 729 87
726 731 80
726 732 10
727 728 20
727 729 91
727 730 94
727 731 17
727 732 75
727 733 65
727 944 48
728 729 9
728 730 64
728 731 47
728 732 51
728 733 48
728 734 39
729 730 35
729 731 32
729 732 29
729 734 55
729 735 6
729 788 85
729 903 60
730 733 81
730 734 35
730 735 99
730 736 28
730 979 57
731 732 88
731 733 88
731 735 56
731 737 84
731 853 45
732 733 66
732 734 1
732 736 54
732 737 75
732 972 49
733 734 94
733 735 64
733 736 19
733 737 62
733 738 69
734 735 32
734 736 64
734 738 9
734 740 49
735 736 36
735 737 6
735 738 40
735 739 19
735 740 29
735 741 8
735 913 68
736 738 94
736 739 5
736 741 23
736 742 55
736 889 14
736 977 2
737 738 23
737 740 10
737 742 11
737 743 80
737 846 43
737 861 10
738 739 85
738 740 33
738 742 84
739 740 58
739 741 3
739 742 76
739 743 31
739 745 51
740 742 50
740 743 24
740 744 64
740 745 18
740 746 27
740 807 1
741 743 81
741 744 73
741 746 44
741 747 95
741 758 46
741 989 8
742 743 63
742 744 27
742 745 76
742 746 82
742 871 39
743 744 70
743 745 93
743 746 89
743 748 11
743 749 65
743 771 33
743 785 50
744 745 72
744 746 1
744 748 90
744 749 72
744 750 10
744 884 26
745 746 1
745 747 66
745 748 78
745 750 79
745 997 62
746 748 27
746 750 3
746 751 95
746 752 3
747 748 26
747 750 15
747 751 43
747 753 74
748 751 2
748 752 3
748 753 74
748 754 76
748 760 4
748 831 25
749 750 30
749 751 50
749 753 30
749 754 60
749 755 89
750 751 50
750 752 66
750 753 77
750 755 62
750 756 97
751 754 4
751 849 49
751 857 17
752 757 48
752 758 4
752 848 95
753 754 28
753 755 75
753 757 35
753 758 92
753 759 60
753 792 6
754 757 32
754 758 88
754 759 64
754 760 14
754 843 6
755 756 75
755 757 24
755 758 86
755 759 52
755 761 99
756 757 48
756 758 46
756 759 100
756 761 87
756 762 86
756 835 51
757 758 15
757 761 96
757 762 24
757 851 81
758 759 17
758 760 12
758 761 67
758 763 49
758 764 32
759 760 89
759 761 9
759 763 60
759 764 39
759 765 74
759 821 54
760 765 4
761 762 98
761 763 99
761 764 78
761 766 27
761 767 63
761 864 65
762 763 68
762 764 89
762 765 66
762 767 69
762 768 93
762 910 37
762 990 52
763 764 19
763 765 6
763 766 48
763 767 57
763 768 70
763 769 56
764 766 17
764 767 4
764 768 13
764 770 75
764 777 33
764 900 27
765 769 54
765 770 21
765 771 75
766 768 23
766 769 54
766 771 51
766 772 1
767 768 9
767 769 25
767 771 4
767 772 9
767 773 78
767 906 28
767 967 77
768 769 22
768 771 92
768 773 92
768 774 66
769 771 50
769 773 37
769 791 8
769 987 47
769 994 37
770 771 27
770 772 50
770 775 28
770 920 23
771 772 45
771 773 6
771 775 21
771 777 10
772 773 41
772 775 100
772 776 64
772 777 12
772 778 26
773 774 99
773 775 41
773 776 87
773 777 84
773 778 26
773 779 100
774 775 28
774 776 74
774 777 5
774 778 77
774 779 45
774 780 16
775 776 95
775 777 97
775 779 14
775 943 53
775 964 35
776 778 55
776 779 33
776 780 2
776 781 32
776 788 78
777 778 13
777 779 47
777 780 30
777 781 68
777 782 80
777 783 93
778 779 14
778 780 34
778 782 5
778 784 81
778 883 5
779 781 63
779 782 5
779 784 56
779 987 36
780 781 81
780 782 83
780 784 72
780 786 38
781 782 71
781 783 65
781 784 66
781 785 54
781 787 16
782 783 61
782 784 96
782 785 11
782 786 96
782 787 6
782 788 65
782 861 57
782 935 72
783 784 12
783 785 2
783 786 26
783 789 98
784 785 1
784 786 52
784 787 61
784 789 63
784 790 52
785 786 11
785 787 29
785 789 36
785 790 82
785 791 61
785 850 1
786 787 31
786 788 16
786 790 11
786 791 62
786 792 79
787 788 48
787 789 43
787 790 26
787 791 21
787 792 63
787 793 19
788 790 40
788 791 81
788 792 46
788 793 73
788 794 12
788 928 44
789 790 8
789 791 36
789 792 21
789 793 38
789 794 43
790 792 53
790 793 83
791 792 79
791 794 26
791 795 97
791 796 90
791 797 98
791 873 71
792 793 42
792 794 80
792 796 2
792 798 1
793 795 24
793 797 6
793 798 73
794 795 8
794 797 90
794 798 74
794 799 42
794 800 88
795 797 62
795 798 87
795 799 70
795 800 94
795 801 25
796 798 61
796 799 60
796 801 96
797 798 86
797 799 47
797 801 33
797 802 68
797 803 77
798 799 3
798 800 78
798 801 100
798 802 75
798 803 32
798 804 100
798 919 4
799 800 52
799 801 77
799 802 43
799 803 51
799 804 99
799 805 29
800 801 69
800 802 50
800 803 57
800 804 74
800 806 69
801 802 47
801 803 24
801 804 79
801 805 38
801 806 46
801 807 94
802 803 45
802 804 86
802 805 38
802 807 91
802 808 88
802 908 9
803 804 86
803 805 43
803 806 18
803 808 20
803 849 83
803 904 72
804 805 31
804 806 78
804 807 73
804 809 50
805 878 73
805 977 64
806 807 46
806 808 51
806 809 47
806 810 36
806 811 30
806 812 65
807 808 51
807 810 100
807 811 85
807 812 30
807 813 40
807 976 79
808 809 50
808 811 24
808 813 19
808 814 53
809 810 36
809 811 41
809 812 65
809 814 39
810 811 66
810 812 12
810 814 74
811 814 98
811 815 90
811 816 8
811 817 92
812 813 80
812 814 49
812 816 37
812 817 27
812 818 50
813 814 73
813 815 81
813 816 44
813 818 88
813 819 24
814 815 12
814 816 36
814 817 26
814 818 50
814 819 59
814 820 18
815 816 36
815 817 9
815 820 70
816 817 15
816 818 21
816 820 91
816 822 52
816 846 53
817 818 83
817 819 23
817 821 83
817 822 26
817 823 70
818 819 3
818 820 92
818 821 10
818 822 6
818 823 98
818 824 16
818 844 44
818 927 78
818 980 86
819 820 84
819 822 61
819 823 94
819 825 60
820 821 38
820 822 73
820 823 3
820 824 26
820 825 16
820 826 26
821 822 29
821 823 76
821 824 56
821 825 42
821 826 54
821 843 11
821 873 97
822 823 92
822 826 46
822 827 67
822 828 1
823 826 6
823 828 93
823 869 8
823 973 24
824 826 78
824 828 4
824 829 98
824 830 72
825 826 70
825 828 58
825 829 75
825 831 13
825 863 1
826 827 98
826 830 53
826 831 86
826 919 18
827 828 23
827 829 69
827 830 97
827 833 3
828 830 99
828 831 27
828 832 88
828 833 55
828 985 12
829 831 71
829 832 40
829 835 19
830 831 18
830 832 88
830 833 46
830 834 95
830 835 92
830 836 95
831 832 59
831 833 51
831 835 70
831 836 18
831 837 24
832 834 3
832 835 35
832 836 69
832 837 43
832 838 96
832 901 65
833 835 40
833 836 77
833 838 40
833 886 74
834 835 34
834 839 53
835 836 18
835 839 100
835 840 90
835 841 71
836 837 86
836 838 55
836 839 17
836 841 100
836 842 25
837 839 36
837 840 99
837 841 73
837 842 48
837 843 53
838 840 57
838 842 14
838 844 9
838 878 16
839 840 46
839 841 2
839 842 15
839 843 86
839 844 32
839 913 39
839 997 7
840 841 41
840 842 41
840 843 35
840 844 18
840 845 12
840 846 51
841 842 60
841 844 65
841 845 69
841 847 13
841 903 88
842 844 47
842 845 75
842 846 99
842 847 90
842 848 38
843 845 21
843 847 96
843 848 15
844 845 33
844 847 66
844 848 53
844 849 92
845 846 96
845 848 7
845 849 21
846 847 75
846 848 52
846 850 18
846 851 63
846 852 93
846 868 53
847 848 20
847 849 100
847 851 63
847 852 9
847 853 89
847 876 14
847 881 19
847 994 70
848 849 58
848 850 28
848 851 97
848 852 95
848 853 64
848 987 34
849 850 45
849 851 75
849 852 39
849 853 99
849 855 7
849 961 31
849 968 50
850 851 53
850 852 58
850 855 85
850 856 81
851 852 73
851 853 53
851 854 44
851 855 70
851 856 36
851 857 84
852 853 18
852 854 45
852 855 9
852 856 33
852 858 80
853 855 93
853 856 60
853 858 22
853 859 53
853 923 4
854 855 22
854 858 26
855 857 29
855 858 42
855 859 78
855 860 26
855 861 83
856 859 12
856 860 79
856 861 62
856 862 97
856 913 56
857 859 55
857 860 28
857 861 7
857 862 35
857 863 48
858 859 20
858 860 66
858 861 84
858 862 53
858 863 84
859 860 47
859 861 75
859 862 51
859 864 63
860 861 79
860 862 8
860 863 57
860 864 48
860 866 24
861 862 21
861 866 36
862 863 48
862 864 61
862 866 69
862 868 23
863 864 80
863 867 2
864 867 71
864 869 94
864 870 64
864 930 3
865 866 70
865 868 100
865 869 81
865 871 90
865 987 10
866 867 11
866 868 35
866 869 67
866 870 63
866 871 59
866 872 23
867 869 79
867 870 52
867 871 60
867 872 38
867 873 62
868 869 19
868 870 44
868 872 38
868 873 61
868 874 11
869 870 98
869 871 7
869 872 48
869 873 30
869 874 64
869 875 84
870 871 5
870 872 100
870 873 86
870 874 40
870 875 93
871 872 7
871 874 28
871 875 17
871 876 59
872 873 28
872 874 18
872 875 95
872 876 10
872 877 79
872 878 2
872 930 50
873 874 46
873 875 67
873 877 22
873 878 56
874 876 2
874 877 40
874 879 66
875 876 88
875 877 100
875 879 20
875 880 20
875 881 22
875 917 25
876 877 79
876 878 30
876 880 34
876 882 55
876 885 94
877 879 88
877 880 22
877 881 96
877 882 19
877 883 83
878 879 30
878 880 29
878 881 31
878 883 41
878 884 40
879 881 35
879 882 68
879 884 30
880 882 80
880 884 76
880 885 24
880 886 78
881 882 89
881 883 78
881 884 89
881 885 36
881 950 17
882 883 39
882 884 82
882 887 1
882 888 86
882 933 73
882 987 1
883 886 26
883 887 85
883 888 76
883 889 71
883 950 16
884 885 51
884 886 79
884 889 18
884 890 81
884 906 97
885 886 12
885 889 74
885 890 71
885 959 17
885 981 63
886 887 98
886 888 94
886 889 43
886 892 62
887 888 79
887 889 55
887 891 13
887 892 50
887 893 76
888 889 36
888 890 69
888 893 4
888 894 40
889 890 95
889 891 98
889 893 82
889 907 49
890 892 53
890 893 18
890 894 24
890 895 58
890 896 73
891 892 75
891 893 59
891 894 84
891 895 5
891 896 61
891 897 17
892 893 24
892 894 89
892 898 78
893 894 88
893 895 37
893 897 88
893 898 31
893 929 55
894 895 36
894 896 35
894 897 79
894 898 87
894 899 19
894 900 82
895 896 13
895 897 51
895 898 57
895 900 40
896 898 67
896 899 54
896 900 6
896 901 86
897 898 68
897 899 16
897 900 99
897 902 85
897 903 17
898 899 27
898 902 65
898 903 8
898 904 52
898 905 11
898 969 39
899 900 96
899 902 52
899 903 21
899 904 85
899 905 66
900 902 93
900 905 100
900 906 47
901 902 48
901 903 79
901 904 40
901 905 60
901 907 68
902 903 41
902 904 26
902 905 79
902 907 29
902 908 8
903 906 4
903 907 55
904 905 68
904 906 96
904 910 59
905 908 58
905 909 58
905 910 70
906 907 23
906 908 5
906 910 82
906 911 22
906 912 90
907 908 18
907 909 74
907 910 75
907 912 47
907 913 6
907 930 25
908 909 69
908 911 4
908 912 48
908 936 15
909 910 14
909 911 1
909 912 45
909 914 48
910 911 100
910 912 43
910 915 97
911 912 74
911 913 42
911 914 57
911 915 10
911 916 14
911 917 53
912 913 94
912 914 76
912 916 57
912 917 73
912 918 27
912 984 48
913 915 87
913 918 84
914 915 78
914 918 13
914 919 95
914 920 54
915 916 32
915 917 100
915 919 97
915 920 54
915 921 71
916 917 23
916 920 76
916 922 56
917 918 43
917 919 17
917 920 20
917 921 67
918 919 37
918 921 55
918 922 75
918 924 65
918 990 52
919 920 86
919 921 5
919 923 48
919 924 20
919 925 11
920 921 30
920 922 35
920 925 36
921 922 71
921 923 87
921 924 6
921 925 32
921 927 24
922 923 21
922 924 74
922 926 83
922 927 95
922 928 49
923 925 100
923 926 65
923 928 4
923 929 91
923 940 20
924 925 80
924 926 52
924 928 14
924 929 69
924 930 13
925 926 9
925 927 47
925 928 48
925 929 1
925 930 95
925 931 97
926 927 44
926 928 65
926 929 36
926 930 48
926 931 40
927 928 21
927 929 12
927 931 45
927 933 47
927 968 95
928 930 99
928 931 26
928 932 90
929 930 56
929 931 56
929 932 87
929 933 89
930 931 11
930 934 75
930 936 3
930 979 59
931 932 43
931 933 89
931 934 99
931 935 95
931 936 61
931 937 99
932 933 63
932 935 99
932 936 33
932 937 48
932 938 78
932 968 34
933 934 53
933 938 11
933 939 33
934 935 47
934 937 98
934 938 16
934 939 35
934 940 55
935 936 12
935 937 38
935 940 79
935 941 35
935 975 16
936 937 41
936 938 53
936 941 18
937 940 96
937 941 33
937 943 14
938 939 68
938 940 69
938 941 38
938 942 78
938 943 24
938 974 8
939 940 49
939 941 15
939 942 72
939 943 19
940 941 91
940 942 8
940 943 30
940 945 33
941 942 73
941 943 59
941 945 88
941 946 96
941 947 88
942 943 59
942 944 8
942 945 86
942 947 85
943 944 28
943 945 45
943 946 42
943 948 80
943 949 56
944 947 18
944 948 68
944 949 56
944 950 74
945 946 52
945 947 44
945 949 70
945 950 61
945 951 26
946 947 35
946 948 95
946 951 47
946 952 24
947 948 7
947 949 99
947 950 14
947 951 3
947 952 52
947 953 76
948 949 55
948 950 68
948 951 90
948 952 66
948 954 62
949 950 99
949 951 49
949 952 5
949 953 45
949 955 67
950 953 86
950 954 63
950 956 44
951 952 99
951 953 4
951 954 42
951 956 88
951 957 87
951 976 95
951 984 89
952 953 22
952 954 90
952 955 92
952 957 94
952 958 91
953 954 90
953 955 93
953 958 16
953 959 66
954 955 82
954 956 82
954 958 90
954 959 37
954 960 3
955 956 28
955 957 88
955 958 87
955 959 19
955 960 93
955 961 8
956 957 54
956 958 86
956 959 85
956 960 16
957 958 100
957 960 5
957 961 75
957 962 33
958 959 48
958 962 20
958 963 31
958 964 100
959 960 10
959 961 38
959 963 50
959 964 44
959 965 63
960 961 72
960 964 50
960 965 15
960 966 62
960 981 50
961 962 96
961 963 1
961 965 5
961 966 13
961 967 43
962 964 25
962 966 20
962 967 14
962 968 43
962 981 55
963 964 66
963 965 97
963 966 14
963 967 30
963 968 14
963 969 33
964 965 13
964 966 91
964 967 98
964 968 79
964 975 2
965 966 5
965 967 9
965 968 74
965 970 45
966 967 66
966 968 66
966 969 54
966 971 93
966 974 34
967 968 75
967 970 52
967 971 53
967 972 11
968 971 15
968 972 56
968 973 6
968 974 76
969 971 75
969 972 84
969 973 78
969 974 55
969 975 11
970 971 65
970 972 97
970 975 60
970 976 72
971 972 3
971 973 15
971 974 59
971 975 37
971 976 61
971 977 7
972 974 73
972 975 39
972 976 97
972 977 42
972 978 61
973 974 25
973 975 21
973 976 87
973 977 82
973 978 12
973 979 87
974 977 13
974 978 35
974 979 6
974 980 71
975 977 5
975 978 79
975 980 45
975 981 26
976 977 46
976 978 66
976 979 39
976 981 33
977 980 3
977 981 28
977 982 3
977 983 62
978 980 100
978 981 92
978 983 14
978 984 38
979 980 19
979 981 4
980 981 55
980 984 64
980 985 100
980 986 43
981 982 16
981 985 37
981 986 2
982 984 27
982 985 55
982 987 80
983 985 97
983 986 41
983 987 7
983 988 100
984 985 37
984 986 65
984 988 50
984 989 56
984 990 84
985 986 30
985 987 18
985 990 82
986 987 10
986 988 21
986 989 71
986 991 11
987 988 20
987 989 100
987 990 69
987 992 57
987 993 24
988 992 31
988 993 19
988 994 18
989 990 3
989 992 78
989 993 35
989 994 69
990 991 24
990 992 42
990 993 82
991 992 79
991 993 83
991 997 8
992 993 98
992 994 91
992 995 77
992 996 34
992 997 22
992 998 81
993 994 59
993 995 1
993 996 42
993 998 35
994 995 9
994 996 27
994 998 40
995 997 77
995 998 88
995 999 38
996 997 58
996 998 71
996 999 21
997 998 52
998 999 25
